clang-tidy  src/B.cpp -p .\Build\ --config-file=.clang_tidy
clang-format  -i src/B.cpp


a a b a a b b
0 
7
0 0 0 1 2 3 0
abbabbc
aabaabb



a b c d e f     f e d c b a


1 1 2 2 1 1 | 1 1 2 2 1 1
-----------===-----------
----------====---------==
--------======--------====


1 1 2 2 1 1 | 1 1 2 2 1 1
1 1 2 2 1 | 1 2 2 1 1
1 1 2 2 1 1 | 1 1 2 2 1 1
1 1 2 2 1 1 | 1 1 2 2 1 1
1 1 2 2 1 1 | 1 1 2 2 1 1

1 1 2 1 1 2


1 2 1 1

1 2 1 1


_____ 1 1 2

1 2 1 1 2 | 2 1

1 2 1 1 2 | 2 1 1 2 1 +
1 2 1 1 | 2 -
1 2 1 | 1 2 1 +

1 2 

1 1 2 | 2 1

1 1 2 2 1 1 | 1 1 2 

1 1 2 2 1 1 | 1 1 2 2 1 1

1 1 2 2 1 1 |     1 1 2 2 1 1 
1 1 2 2 1 | 1
1 1 2 2 | 1 1
1 1 2 | 2 1 1
1 1 | 2 2 1 1
1 | 1 2 2 1 1


1 2 1 1 | 1 2 1 1
1 2 1 1 | 1 2 1 1
1 2 1 1 | ____1 1

1 2 1 1 | 1 1

1 1 2 1 1 2




1 2 1 1

1 2 1 1 | 1 1 2 1 +
1 2 1 | 1 2 1 + 
1 2 | 1 1 - 

1 2 1 1 | _ 1 1 2 1

1 2 1 | 1 _ 2 1
1 2 1 ~ 1   2 1

1 2 | 1 1 _ ....
1 2 ~ 2 1

1 | 2 1 1 _ ....
1 ~ 1
1



1

все такие i, что , 
